-8.97901	57.942		13
-8.97901	57.942		11
-2.09328	58.2667		21
4.9321		57.2784		17
4.9321		57.2784		20
11.3496		54.7231		10
11.3496		54.7231		11
17.4573		50.938		162
23.6896		46.0182		120
28.3824		42.1307		140
32.8679		37.001		17
33.1865		36.5281		9
38.6461		32.0968		70
43.2999		27.3634		100
48.5739		23.0543		72
33.0028		21.6449		181
26.9606		22.7366		24
34.5964		16.7263		310
25.4003		13.4066		194
16.6203		13.569		44
16.9484		13.3115		44
16.8274		13.146		36
16.0755		12.8289		55
16.1168		11.5589		50
16.0992		10.9754		41
15.6243		10.8236		56
12.0344		2.14928		19
14.7745		-0.00835	165
23.1414		1.83061		29
23.785		-5.4466		47
25.5805		-4.18699	59
31.6365		-0.9763		47
37.7122		6.33232		221
40.1978		-8.1893		101
34.2267		-7.90899	140
28.8517		-10.7763	26
34.5406		-23.1799	191
26.7214		-18.8683	290
20.1559		-16.4772	38
20.4188		-21.351		19
17.7544		-30.1186	120
12.4554		-28.8376	226
4.24999		-32.1573	19
2.6901		-22.802		216
-0.1575		-22.8634		205
2.5425		-14.9325		95
4.8738		-10.516		40
-6.20957	-7.94973	59
-7.09488	-7.94973	59
-9.4747		-5.2511		19
-9.6824		-8.7768		37
-9.66429	-9.4809		43
-9.7277		-10.2057	44
-10.8556	-10.9226	46
-10.7798	-9.8101		56
-10.3728	-9.2905		55
-17.4375	-2.0599		35
-17.4188	-2.8366		30
-17.0254	-2.6708		33
-21.2859	-4.8038		66
-12.3734	-27.9663	265
-26.4406	-26.1698	178
-30.421		-24.6298	282
-31.514		-14.4137	51
-30.8537	-14.4073	36
-30.6909	-14.9758	80
-31.7244	-11.2156	247
-36.1865	-13.7336	19
-43.8939	-9.0318		44
-47.737		-13.3474	295
-53.2962	-5.7754		134
-56.3427	1.9092		95
-62.6117	1.3371		108
-71.0052	-0.3876		138
-63.9016	8.1661		266
-61.8535	13.7617		104
-53.9952	12.1396		182
-56.5298	13.223		23
-57.4327	14.6184		19
-61.7089	17.7552		248
-51.4357	24.5138		200
-43.2882	17.4297		155
-42.7113	18.455		148
-27.2532	12.7908		257
-28.0685	10.2952		34
-27.77		9.9103		36
-27.9886	8.2978		19
-23.161		11.5647		64
-20.0618	12.9043		163
-18.4575	13.558		44
-10.3042	5.6068		273
-16.9391	18.7574		39
-26.1982	22.9762		94
-31.3322	26.8904		97
-36.3695	26.2108		87
-40.2053	30.6066		83
-38.7355	36.0615		135
-26.5816	43.5451		284
-11.8503	48.4912		950
-1.0932		48.3275		39
5.1340		40.1385		181
-4.1444		42.4441		31
-4.3127		38.2391		50
0.6756		35.481		48
-6.2434		34.0136		15
-11.6743	36.7595		207
-11.5597	33.4077		19
-8.0394		29.849		202
-5.2029		17.6273		19
1.0316		10.844		237
2.5075		15.6803		199
3.9654		27.1893		39
9.4812		27.5926		53
18.3843		29.7898		19
17.5782		34.3418		276
13.3161		40.0594		48
12.8166		40.0884		72
43.6265		51.3729		21
33.3661		60.7432		12
41.5832		68.8034		149
44.7299		74.1152		178
37.6873		71.0809		105
36.2393		72.0264		137
24.5209		73.7617		25
32.1629		75.7486		25
31.8258		76.3917		100
27.3624		65.234		28
21.1765		68.7257		87
15.1485		71.8016		33
8.6565		73.9362		18
1.6545		74.913		168
-5.3106		75.0555		225
-15.7374	74.4947		23
-24.6311	72.3114		11
-31.8687	68.9252		157
-39.3151	64.3526		148
-46.1102	59.6407		160
-51.9608	55.7035		14
-63.4374	47.4003		51
-69.6012	43.6517		15
-72.7935	16.6497		172
-68.97		22.6986		112
-63.3681	26.9309		102
-57.685		30.9984		123
-51.4544	35.1855		5
-51.3517	35.3045		8
-46.1		39.3183		134
-40.2487	43.2245		140
-34.7994	47.0846		6
-28.7189	51.0005		117
-22.595		54.3413		16
-16.6136	57.0519		12
20.017		5.5716		50
20.3362		5.4347		56
20.7308		5.2984		58
21.0509		4.7666		123
-8.1202		-10.4601	31
-8.7882		-10.999		35
-15.298		-16.67		26
-15.5982	-16.8103	23
-58.8158	8.6405		37
-58.4334	9.0508		29
-58.1254	8.7487		30
-58.6934	8.297		31
-56.6879	13.472		41
-25.1209	9.7176		49
-24.7076	9.6875		60
-24.8946	9.2161		55
-24.2556	9.4257		64
-24.3926	8.6508		90
-18.985		13.2289		54
-52.1275	55.8645		11
-69.82		43.6337		8
-34.4334	47.09		16
